8801518638946
8801571306901
8801576637603
8801571394577
8801581358118
8801538146173
8801531130271
8801595059125
8801515261487
8801572572917
8801576787126
8801556323443
8801518339236
8801522120533
8801571023465
8801558724682
8801568235984
8801516589698
8801581493006
8801554138847
8801533472053
8801515643982
8801531449295
8801540732050
8801538160539
8801522106567
8801575375681
8801568392363
8801516792204
8801511150500
8801580581675
8801571023688
8801538326829
8801576937173
8801558753810
8801537477048
8801540777750
8801576627070
8801553693920
8801521739563
8801521722394
8801726617141
8801515276124
8801585551195
8801540094823
8801581407193
8801521545765
8801533663872
8801521459289
8801557115031
8801575600548
8801533660684
8801521757372
8801572058890
8801586122267
8801521542215
8801567849950
8801566019819
8801571002065
8801586396754
8801567913796
8801581099219
8801531791571
8801534376269
8801722292838
8801516525015
8801540373781
8801534619562
8801577222638
8801581124041
8801521710352
8801586220850
8801540521890
8801540118690
8801533519952
8801581253282
8801916733533
8801575491597
8801585529721
8801575193974
8801516590685
8801518375696
8801575678400
8801518650369
8801518923082
8801575236131
8801595584337
8801552409405
8801575438636
8801577036155
8801521380894
8801577285252
8801533174169
8801575088263
8801515297894
8801540777501
8801521221247
8801521488727
8801557677973
8801535487560
8801553597852
8801585444160
01517066153 
01585045575 
8801575703695
8801575675512
8801572740911
8801581889362
8801575670234
8801576505539
8801581310471
8801516578321
8801516591520
8801540588360
8801540502473
8801575049273
8801531120816
1515215889
01533814037 
8801568251940
8801571390360
8801590072314 
1568920306
01571002065 
01581881974 
1521401677
01511201097 
8801575687578
8801517188239 
8801537636143 
8801521499989 
8801521473822
8801575388588
8801585740503
8801576435783
8801576524197
8801516555463
8801575026515
8801581611994
8801580904690
8801590091482
8801785507520
8801581870655
8801581469722
8801516196639
8801566035890
8801552475411 
8801575692810
1581127382
1518445512
8801517160805
8801511792401
8801516304062
8801571475492
8801575213292
8801576778370
8801522138851
8801576537915
8801571504078
8801540176570
8801575298690 
8801581860878
1581523981
8801580820430
01559727680 
01521488727 
8801576753162
8801575275439
8801576905045
8801575029173
8801585387556
8801516558549
8801580699961
8801577185440
8801581379537
8801585906500
8801576441474
8801568365514 
8801576786603
8801575648914
8801575698042
8801575705962
8801516519138
8801576700494
8801511842360
8801581566585
8801585348629
01518445512 
1518308558
1537135352
1517809158
1533073581
1580380194
1517078662
1516542687
8801585568457
8801551709312
8801576715792
8801581707374
8801538210760
8801511330221
8801586029486
8801516156237
8801581853932
151606143
1522112319
1537531594
1531962344
1581400508
01575406050 
01575557558 
01580356728 
01575215934  
01556586435 
01558450235 
8801553604255
01515274456 
1558927868
1556639041
01517153151 
01575150161 
8801576867094 
8801577048174 
8801576904456 
8801581746797 
8801580457536 
8801580321632 
8801575698042 
8801581797444 
8801576786603 
8801571210110 
8801581401974 
8801571228338 
8801516517378 
8801568303907
8801568736275
8801568939709 
8801581089989 
8801581507543
8801577169077  
8801571301063 
8801515234717 
8801521439311
1518606940
8801552718686 
01516595796 
01533092900 
8801516544639
8801552718686
8801533673731
8801577166091
8801537215823
1571507710
1581596505
1552645067
1571332422
1571751924
1511919264
1580381025
1521559590
1558393562
1553215872
1585924140
1521121734
1518378595
1576936438
1518331080
1516316529
1581668007
1558000566
1571730244
 1521368620
8801521259174
8801575280455
8801575074306
8801580305181
8801580349257
8801558333824
8801531803855
8801581464502
8801576621219
1581851004
1518437706
1552555851
1557627334
8801516789753 
8801521585643  
1515274456
1517153151
1575150161
151860694
1518629312
1551079313
1540178810
8801517191987
8801581244878
8801581019541
8801518364213
8801572001620
8801552643378
8801572234116
8801575694106
8801577328750
8801515674763
8801537455189
8801515276031
8801517822242
8801570234206
8801518652790
8801521721458
8801521585643
8801540724447
8801533798331
8801567950112
8801533837266
8801580343445
8801558932294
8801576519640
8801572006220
8801556318763
8801533005013
8801518481660
8801581405752
8801554323266
8801571059002
8801518431469
8801723108307
8801571461783
8801558883163
8801511561093
8801518707857
8801518940407
8801556493677
8801575703994
8801515286417
8801516337310
8801557442547
8801540397830
8801570226601
8801540000594
8801580395932
8801521312625
8801518372239
8801519601205
8801540574155
8801511528909
8801538293094
8801556531759
8801537595574
8801516576733
8801550620676
8801560018701
8801522124469
8801518660029
8801558995720
8801556404055
8801517184666
8801516718150
8801516002645
8801576610696
8801581171053
8801552412257 
1557163279
1540530579
01536171929 
01570233840 
01511154626 
01522119185 
8801568990537
8801580442878
8801581876204
8801580321904
8801581076773
8801576885125
8801571244281
8801575690236
8801581612018
8801571048887
8801538301887
8801538409049
8801580805330
8801540049549
8801575018492
8801516789753
8801515218544
8801557412937
8801540099457
8801550033469
8801581459192
8801518371584
8801581149361
8801585751178
8801522139163
8801580444776
8801571060127
8801566086007
8801558149899
8801537160487
8801521730941
8801537137828
8801577385844
8801518902087
8801521303332
8801516002522
8801581234524
8801585397877
8801557163279
8801521514827
8801576675856
8801535163839
8801540012626
8801577180929
8801581309563
8801531743502
8801580758720
8801521428380
8801577312468
8801518915928
8801558103051
8801558480835
8801537637413
8801515620543
8801517867697
8801556409969
8801585954649
8801580769176
8801576565308
8801580878875
8801516531271
8801580105876
8801554343090
8801516537394
8801575439987
8801531279016
8801575388962
8801570224968
8801534310944
8801559372790
8801557580851
8801580457536
8801538328530
8801577159400
8801557153265
8801511117499
8801558823157
8801585826083
8801580693280
8801569179919
8801521702444
8801568627814
8801533511629
8801511229198
8801568004706
8801556771856
8801554326631
8801511927830
8801516053783
8801550607891
8801537676063
8801533031347
8801521563417
8801571325363
8801521101053
8801556529363
8801575155222
8801516577253
8801556639443
8801581875210
8801575067048
8801576424424
8801518672079
8801580545835
8801581639492
8801517838178
8801522103835
8801591189371
8801511537415
8801581142404
8801516587009
8801572205240
8801557911711
8801518332020
8801575234263
8801566018886
8801517837565
8801515282064
8801532951999
8801575231352
8801553736377
8801550156918
8801559317574
8801552380599
8801521439687
8801568366546
8801585328458
8801550156395
8801515621530
8801558903673
8801585873177
01558823157 
01516587009 
8801537144063
1511510355
1518391575
8801580511296
8801518318622
8801577139067
8801518678522
8801580543037
8801585894987
8801516517378
8801518454217
8801575390992
8801558530301
8801576744010
8801554785697
8801580414669
8801580537264
8801551796709
8801576631297
8801553107873
8801581116315
8801580471764
8801572206588
8801580846146
8801517034908
8801595127494
8801554732188
8801580786441
8801556536389
8801558333413
8801580710085
8801585820568
8801580633949
8801580457366
8801585915943
8801580680007
8801581237129
8801540536969
8801518691505
8801521499989
8801585557314
8801571336466 
8801568021675
01538062886
01522122672
01533404428
8801550093000
01550060042
01550060043
01550060044
1550060046
1550060047
1550059231
1550059227
1550059230
1550059232
1550059233
1550059234
1550059229
1550059228
1550059236
1550059235
1550059910
1550059911
1550059912
1550059913
1550059914
1550059915
1550059916
1550059917
1550059918
1550059919
1550059921
1550059922
1550059923
1550059924
1550059925
1550059926
1550059928
1550059929
1550059930
1550059931
1550059932
1550059934
1550059935
1550059936
1550059920
1550059927
1550059933
1550059850
1550059851
1550059852
1550059880
1550059853
1550059881
1550059882
1550059854
1550059883
1550059884
1550059885
1550059855
1550059886
1550059857
1550059887
1550059888
1550059858
1550059889
1550059859
1550059890
1550059860
1550059891
1550059861
1550059862
1550059892
1550059893
1550059863
1550059864
1550059894
1550059895
1550059865
1550059896
1550059866
01550059897
01550059867
01550059898
01550059868
01550059899
01550059869
01550059900
01550059870
01550059901
01550059871
01550059902
01550059872
01550059904
01550059905
01550059873
01550059906
01550059874
01550059907
01550059875
01550059908
01550059876
01550059909
01550059877
01550059878
01550059879
01550059903
01550077453
01550059856
01517149531 
01571228338 
1575455001
01517020477 
01571391215 
01522108858
01723108307
01540179468
01538349030
01571386482
01552646288
01516089192
01580518596
01568700161
01522131629
01515240942
01522141046
01518672079 
8801580566359 
8801580877796 
8801518436232 
8801586216279 
8801580912795 
8801580165729 
8801580734061  
8801577017549 
8801535752816 
8801585915943 
8801580680007 
8801516587009 
8801581353152 
8801580790598 
8801581447847 
8801743915861 
8801576621219 
8801516551453 
8801522119724 
8801575043118 
8801533095139 
8801516578321 
8801571244281 
8801590008958
01575455001 
01585486038
1585493857
1551043236
8801521585643 
8801511502279
8801743915861
8801553657718
8801576986125
8801537645659
8801580913996
8801576578005
8801580977458
8801580486903
8801576427535
8801575730836
8801585268365
8801580868131
8801580864219
8801580991441
8801517817843
8801571332939
8801580477192
8801518632498
8801559386267
01558813791 
0158145377
01518302422
01521386551
01516537394
01580857759
01568471414
01581866076
